1.000000000000000021e-03
1.099999999999999936e-02
2.099999999999999784e-02
3.099999999999999631e-02
4.099999999999999478e-02
5.099999999999998979e-02
6.099999999999999173e-02
7.099999999999999367e-02
8.099999999999998868e-02
9.099999999999998368e-02
1.009999999999999787e-01
1.109999999999999876e-01
1.209999999999999826e-01
1.309999999999999776e-01
1.409999999999999865e-01
1.509999999999999676e-01
1.609999999999999765e-01
1.709999999999999853e-01
1.809999999999999665e-01
1.909999999999999754e-01
2.009999999999999565e-01
2.109999999999999654e-01
2.209999999999999742e-01
2.309999999999999554e-01
2.409999999999999643e-01
2.509999999999999454e-01
2.609999999999999543e-01
2.709999999999999631e-01
2.809999999999999720e-01
2.909999999999999809e-01
3.009999999999999343e-01
3.109999999999999432e-01
3.209999999999999520e-01
3.309999999999999609e-01
3.409999999999999698e-01
3.509999999999999232e-01
3.609999999999999321e-01
3.709999999999999409e-01
3.809999999999999498e-01
3.909999999999999587e-01
4.009999999999999121e-01
4.109999999999999210e-01
4.209999999999999298e-01
4.309999999999999387e-01
4.409999999999999476e-01
4.509999999999999565e-01
4.609999999999999098e-01
4.709999999999999187e-01
4.809999999999999276e-01
4.909999999999999365e-01
